% Intrinsic and Extrinsic Camera Parameters
%
% This script file can be directly executed under Matlab to recover the camera intrinsic and extrinsic parameters.
% IMPORTANT: This file contains neither the structure of the calibration objects nor the image coordinates of the calibration points.
%            All those complementary variables are saved in the complete matlab data file Calib_Results.mat.
% For more information regarding the calibration model visit http://www.vision.caltech.edu/bouguetj/calib_doc/


%-- Focal length:
fc = [ 1054.992757895557133 ; 1055.607880806944422 ];

%-- Principal point:
cc = [ 339.825466250509351 ; 227.918719723689946 ];

%-- Skew coefficient:
alpha_c = 0.000000000000000;

%-- Distortion coefficients:
kc = [ -0.088123343816615 ; 0.118067222550393 ; 0.000108874102416 ; -0.000776792971376 ; 0.000000000000000 ];

%-- Focal length uncertainty:
fc_error = [ 0.831018467987869 ; 0.783583038979472 ];

%-- Principal point uncertainty:
cc_error = [ 1.664052566161093 ; 1.188304116113975 ];

%-- Skew coefficient uncertainty:
alpha_c_error = 0.000000000000000;

%-- Distortion coefficients uncertainty:
kc_error = [ 0.006437978622468 ; 0.085598065584811 ; 0.000339722778560 ; 0.000450707596023 ; 0.000000000000000 ];

%-- Image size:
nx = 640;
ny = 480;


%-- Various other variables (may be ignored if you do not use the Matlab Calibration Toolbox):
%-- Those variables are used to control which intrinsic parameters should be optimized

n_ima = 80;						% Number of calibration images
est_fc = [ 1 ; 1 ];					% Estimation indicator of the two focal variables
est_aspect_ratio = 1;				% Estimation indicator of the aspect ratio fc(2)/fc(1)
center_optim = 1;					% Estimation indicator of the principal point
est_alpha = 0;						% Estimation indicator of the skew coefficient
est_dist = [ 1 ; 1 ; 1 ; 1 ; 0 ];	% Estimation indicator of the distortion coefficients


%-- Extrinsic parameters:
%-- The rotation (omc_kk) and the translation (Tc_kk) vectors for every calibration image and their uncertainties

%-- Image #1:
omc_1 = [ 2.063664e+00 ; 2.016961e+00 ; -5.204448e-02 ];
Tc_1  = [ -1.025214e+02 ; -6.027210e+01 ; 4.552788e+02 ];
omc_error_1 = [ 1.236091e-03 ; 1.438609e-03 ; 2.726003e-03 ];
Tc_error_1  = [ 7.227212e-01 ; 5.161575e-01 ; 4.377664e-01 ];

%-- Image #2:
omc_2 = [ 1.927753e+00 ; 1.963536e+00 ; 2.350243e-01 ];
Tc_2  = [ -9.705170e+01 ; -7.146461e+01 ; 4.698233e+02 ];
omc_error_2 = [ 1.206265e-03 ; 1.358862e-03 ; 2.351977e-03 ];
Tc_error_2  = [ 7.487060e-01 ; 5.333507e-01 ; 4.679345e-01 ];

%-- Image #3:
omc_3 = [ 1.860874e+00 ; 1.894002e+00 ; 3.320123e-01 ];
Tc_3  = [ -8.841581e+01 ; -6.759393e+01 ; 4.796921e+02 ];
omc_error_3 = [ 1.202562e-03 ; 1.291363e-03 ; 2.157087e-03 ];
Tc_error_3  = [ 7.630904e-01 ; 5.436305e-01 ; 4.777253e-01 ];

%-- Image #4:
omc_4 = [ 1.892028e+00 ; 1.821249e+00 ; 4.451948e-01 ];
Tc_4  = [ -7.437140e+01 ; -5.711549e+01 ; 4.506834e+02 ];
omc_error_4 = [ 1.257148e-03 ; 1.182621e-03 ; 2.071069e-03 ];
Tc_error_4  = [ 7.154744e-01 ; 5.096457e-01 ; 4.466393e-01 ];

%-- Image #5:
omc_5 = [ 1.763906e+00 ; 1.791770e+00 ; 5.615887e-01 ];
Tc_5  = [ -8.372070e+01 ; -6.550185e+01 ; 4.414513e+02 ];
omc_error_5 = [ 1.230845e-03 ; 1.199093e-03 ; 1.881123e-03 ];
Tc_error_5  = [ 7.037907e-01 ; 5.010929e-01 ; 4.457982e-01 ];

%-- Image #6:
omc_6 = [ NaN ; NaN ; NaN ];
Tc_6  = [ NaN ; NaN ; NaN ];
omc_error_6 = [ NaN ; NaN ; NaN ];
Tc_error_6  = [ NaN ; NaN ; NaN ];

%-- Image #7:
omc_7 = [ 1.900487e+00 ; 1.497109e+00 ; 6.848033e-01 ];
Tc_7  = [ -8.896325e+01 ; -5.135697e+01 ; 4.281660e+02 ];
omc_error_7 = [ 1.304259e-03 ; 1.086428e-03 ; 1.829007e-03 ];
Tc_error_7  = [ 6.835493e-01 ; 4.863491e-01 ; 4.448858e-01 ];

%-- Image #8:
omc_8 = [ 1.955415e+00 ; 1.233101e+00 ; 7.484639e-01 ];
Tc_8  = [ -1.007663e+02 ; -4.059672e+01 ; 4.221908e+02 ];
omc_error_8 = [ 1.318601e-03 ; 1.050555e-03 ; 1.768570e-03 ];
Tc_error_8  = [ 6.757474e-01 ; 4.813127e-01 ; 4.525632e-01 ];

%-- Image #9:
omc_9 = [ 1.891576e+00 ; 1.140533e+00 ; 8.118221e-01 ];
Tc_9  = [ -7.129498e+01 ; -4.066281e+01 ; 4.202225e+02 ];
omc_error_9 = [ 1.344590e-03 ; 1.083416e-03 ; 1.690800e-03 ];
Tc_error_9  = [ 6.684224e-01 ; 4.758064e-01 ; 4.400903e-01 ];

%-- Image #10:
omc_10 = [ 2.090354e+00 ; 2.096427e+00 ; -8.779941e-02 ];
Tc_10  = [ -1.081155e+02 ; -6.567021e+01 ; 4.845378e+02 ];
omc_error_10 = [ 1.400017e-03 ; 1.644498e-03 ; 3.134102e-03 ];
Tc_error_10  = [ 7.686032e-01 ; 5.494666e-01 ; 4.683864e-01 ];

%-- Image #11:
omc_11 = [ -2.131756e+00 ; -2.102632e+00 ; 3.364266e-01 ];
Tc_11  = [ -1.106634e+02 ; -6.302849e+01 ; 4.603959e+02 ];
omc_error_11 = [ 1.389047e-03 ; 1.214138e-03 ; 2.674879e-03 ];
Tc_error_11  = [ 7.298172e-01 ; 5.230057e-01 ; 4.153216e-01 ];

%-- Image #12:
omc_12 = [ -2.016245e+00 ; -2.110622e+00 ; 4.111080e-01 ];
Tc_12  = [ -1.093327e+02 ; -6.892018e+01 ; 4.713885e+02 ];
omc_error_12 = [ 1.337907e-03 ; 1.205030e-03 ; 2.448998e-03 ];
Tc_error_12  = [ 7.480267e-01 ; 5.358518e-01 ; 4.129696e-01 ];

%-- Image #13:
omc_13 = [ -1.978927e+00 ; -2.011880e+00 ; 4.800718e-01 ];
Tc_13  = [ -1.118991e+02 ; -6.319392e+01 ; 4.782179e+02 ];
omc_error_13 = [ 1.313924e-03 ; 1.151978e-03 ; 2.262990e-03 ];
Tc_error_13  = [ 7.591859e-01 ; 5.440679e-01 ; 4.090626e-01 ];

%-- Image #14:
omc_14 = [ -1.802248e+00 ; -2.000667e+00 ; 5.691965e-01 ];
Tc_14  = [ -1.107504e+02 ; -7.404217e+01 ; 4.908815e+02 ];
omc_error_14 = [ 1.289576e-03 ; 1.190967e-03 ; 2.037482e-03 ];
Tc_error_14  = [ 7.810958e-01 ; 5.591920e-01 ; 4.102614e-01 ];

%-- Image #15:
omc_15 = [ -1.643733e+00 ; -1.935445e+00 ; 6.684401e-01 ];
Tc_15  = [ -8.898478e+01 ; -8.255457e+01 ; 5.199813e+02 ];
omc_error_15 = [ 1.272845e-03 ; 1.222023e-03 ; 1.849081e-03 ];
Tc_error_15  = [ 8.265870e-01 ; 5.894939e-01 ; 4.110823e-01 ];

%-- Image #16:
omc_16 = [ -1.655383e+00 ; -1.771024e+00 ; 6.962020e-01 ];
Tc_16  = [ -9.055847e+01 ; -6.802975e+01 ; 5.321026e+02 ];
omc_error_16 = [ 1.274217e-03 ; 1.210840e-03 ; 1.761321e-03 ];
Tc_error_16  = [ 8.443935e-01 ; 6.029993e-01 ; 4.123623e-01 ];

%-- Image #17:
omc_17 = [ -1.716264e+00 ; -1.748166e+00 ; 6.810689e-01 ];
Tc_17  = [ -9.337519e+01 ; -6.454325e+01 ; 5.484005e+02 ];
omc_error_17 = [ 1.286371e-03 ; 1.186991e-03 ; 1.815668e-03 ];
Tc_error_17  = [ 8.701558e-01 ; 6.212867e-01 ; 4.281307e-01 ];

%-- Image #18:
omc_18 = [ -1.619144e+00 ; -2.143711e+00 ; 1.214792e+00 ];
Tc_18  = [ -5.807178e+01 ; -5.256510e+01 ; 5.637837e+02 ];
omc_error_18 = [ 1.587972e-03 ; 1.131732e-03 ; 1.819000e-03 ];
Tc_error_18  = [ 8.909443e-01 ; 6.371010e-01 ; 4.057299e-01 ];

%-- Image #19:
omc_19 = [ -1.882295e+00 ; -2.197577e+00 ; 1.120384e+00 ];
Tc_19  = [ -8.209775e+01 ; -3.782626e+01 ; 5.902908e+02 ];
omc_error_19 = [ 1.650939e-03 ; 1.053590e-03 ; 2.067141e-03 ];
Tc_error_19  = [ 9.321670e-01 ; 6.679750e-01 ; 4.509811e-01 ];

%-- Image #20:
omc_20 = [ 2.004144e+00 ; 2.090020e+00 ; -8.770828e-01 ];
Tc_20  = [ -1.025323e+02 ; -3.801836e+01 ; 5.900412e+02 ];
omc_error_20 = [ 8.770428e-04 ; 1.405460e-03 ; 2.429343e-03 ];
Tc_error_20  = [ 9.323961e-01 ; 6.685515e-01 ; 4.780806e-01 ];

%-- Image #21:
omc_21 = [ 1.915991e+00 ; 1.982159e+00 ; -6.965041e-01 ];
Tc_21  = [ -9.858000e+01 ; -3.292373e+01 ; 6.128070e+02 ];
omc_error_21 = [ 9.642549e-04 ; 1.418087e-03 ; 2.377166e-03 ];
Tc_error_21  = [ 9.672277e-01 ; 6.927886e-01 ; 5.091354e-01 ];

%-- Image #22:
omc_22 = [ 1.887770e+00 ; 1.806973e+00 ; -3.406370e-01 ];
Tc_22  = [ -1.002062e+02 ; -3.770832e+01 ; 6.016278e+02 ];
omc_error_22 = [ 1.046574e-03 ; 1.389885e-03 ; 2.292732e-03 ];
Tc_error_22  = [ 9.503353e-01 ; 6.796725e-01 ; 5.441385e-01 ];

%-- Image #23:
omc_23 = [ 1.869079e+00 ; 1.666318e+00 ; -8.715255e-02 ];
Tc_23  = [ -1.178703e+02 ; -5.964856e+01 ; 5.678812e+02 ];
omc_error_23 = [ 1.048896e-03 ; 1.350491e-03 ; 2.088824e-03 ];
Tc_error_23  = [ 8.996691e-01 ; 6.438861e-01 ; 5.571982e-01 ];

%-- Image #24:
omc_24 = [ 1.798305e+00 ; 1.559350e+00 ; 9.375297e-02 ];
Tc_24  = [ -1.083167e+02 ; -4.631744e+01 ; 5.349869e+02 ];
